# relative_time, cycles_done, cur_item, corpus_count, pending_total, pending_favs, map_size, saved_crashes, saved_hangs, max_depth, execs_per_sec, total_execs, edges_found
61, 0, 2, 11, 10, 1, 0.00%, 0, 0, 2, 171.94, 10536, 180
66, 0, 2, 11, 10, 1, 0.00%, 0, 0, 2, 173.64, 11439, 180
71, 0, 2, 11, 10, 1, 0.00%, 0, 0, 2, 174.15, 12339, 180
77, 0, 10, 11, 8, 6, 0.00%, 0, 0, 2, 165.82, 13207, 180
82, 0, 4, 11, 5, 3, 0.00%, 0, 0, 2, 171.59, 14106, 180
87, 0, 1, 11, 2, 0, 0.00%, 0, 0, 2, 168.92, 14974, 180
92, 0, 1, 11, 2, 0, 0.00%, 0, 0, 2, 168.74, 15813, 180
97, 0, 9, 11, 2, 0, 0.00%, 0, 0, 2, 173.26, 16715, 180
102, 0, 2, 11, 2, 0, 0.00%, 0, 0, 2, 168.45, 17581, 180
107, 0, 2, 11, 2, 0, 0.00%, 0, 0, 2, 146.95, 18483, 180
113, 1, 2, 11, 2, 0, 0.00%, 0, 0, 2, 161.46, 19338, 180
118, 1, 2, 11, 2, 0, 0.00%, 0, 0, 2, 168.40, 20208, 180
123, 1, 2, 11, 2, 0, 0.00%, 0, 0, 2, 167.09, 21078, 180
128, 1, 2, 11, 2, 0, 0.00%, 0, 0, 2, 169.12, 21948, 180
133, 1, 2, 11, 2, 0, 0.00%, 0, 0, 2, 166.33, 22788, 180
138, 1, 2, 11, 2, 0, 0.00%, 0, 0, 2, 162.83, 23610, 180
143, 1, 2, 11, 2, 0, 0.00%, 0, 0, 2, 164.93, 24462, 180
148, 1, 7, 11, 2, 0, 0.00%, 0, 0, 2, 163.74, 25285, 180
153, 1, 2, 11, 2, 0, 0.00%, 0, 0, 2, 169.82, 26140, 180
158, 1, 2, 11, 2, 0, 0.00%, 0, 0, 2, 166.84, 26986, 180
163, 1, 2, 11, 2, 0, 0.00%, 0, 0, 2, 165.35, 27808, 180
169, 1, 9, 11, 2, 0, 0.00%, 0, 0, 2, 164.52, 28655, 180
174, 2, 2, 11, 2, 0, 0.00%, 0, 0, 2, 163.50, 29535, 180
179, 2, 8, 11, 2, 0, 0.00%, 0, 0, 2, 167.26, 30375, 180
184, 2, 2, 11, 2, 0, 0.00%, 0, 0, 2, 163.36, 31212, 180
189, 2, 1, 11, 2, 0, 0.00%, 0, 0, 2, 163.11, 32057, 180
194, 2, 1, 11, 2, 0, 0.00%, 0, 0, 2, 169.56, 32936, 180
199, 2, 9, 11, 2, 0, 0.00%, 0, 0, 2, 170.45, 33820, 180
204, 2, 2, 11, 2, 0, 0.00%, 0, 0, 2, 152.73, 34707, 180
210, 2, 2, 11, 2, 0, 0.00%, 0, 0, 2, 161.42, 35559, 180
215, 2, 2, 11, 2, 0, 0.00%, 0, 0, 2, 166.75, 36405, 180
220, 2, 2, 11, 2, 0, 0.00%, 0, 0, 2, 170.48, 37292, 180
225, 2, 4, 11, 2, 0, 0.00%, 0, 0, 2, 169.01, 38168, 180
230, 3, 2, 11, 2, 0, 0.00%, 0, 0, 2, 166.26, 39000, 180
235, 3, 8, 11, 2, 0, 0.00%, 0, 0, 2, 164.54, 39816, 180
240, 3, 1, 11, 2, 0, 0.00%, 0, 0, 2, 169.45, 40677, 180
245, 3, 1, 11, 2, 0, 0.00%, 0, 0, 2, 172.41, 41565, 180
250, 3, 2, 11, 2, 0, 0.00%, 0, 0, 2, 168.92, 42411, 180
255, 3, 6, 11, 2, 0, 0.00%, 0, 0, 2, 172.80, 43311, 180
261, 3, 2, 11, 2, 0, 0.00%, 0, 0, 2, 173.33, 44220, 180
266, 3, 2, 11, 2, 0, 0.00%, 0, 0, 2, 140.80, 44873, 180
271, 3, 2, 11, 2, 0, 0.00%, 0, 0, 2, 144.63, 45680, 180
276, 3, 2, 11, 2, 0, 0.00%, 0, 0, 2, 149.03, 46450, 180
281, 3, 8, 11, 2, 0, 0.00%, 0, 0, 2, 155.72, 47247, 180
286, 3, 2, 11, 2, 0, 0.00%, 0, 0, 2, 155.92, 48021, 180
291, 4, 1, 11, 2, 0, 0.00%, 0, 0, 2, 157.62, 48834, 180
296, 4, 1, 11, 2, 0, 0.00%, 0, 0, 2, 157.62, 49617, 180
301, 4, 2, 11, 2, 0, 0.00%, 0, 0, 2, 153.74, 50385, 180
306, 4, 2, 11, 2, 0, 0.00%, 0, 0, 2, 159.09, 51198, 180
311, 4, 2, 11, 2, 0, 0.00%, 0, 0, 2, 166.36, 52047, 180
316, 4, 1, 11, 2, 0, 0.00%, 0, 0, 2, 153.84, 52836, 180
321, 4, 10, 11, 2, 0, 0.00%, 0, 0, 2, 153.69, 53601, 180
326, 4, 2, 11, 2, 0, 0.00%, 0, 0, 2, 157.97, 54408, 180
332, 4, 2, 11, 2, 0, 0.00%, 0, 0, 2, 159.03, 55245, 180
337, 4, 9, 11, 2, 0, 0.00%, 0, 0, 2, 162.78, 56059, 180
342, 4, 2, 11, 2, 0, 0.00%, 0, 0, 2, 165.87, 56881, 180
347, 4, 2, 11, 2, 0, 0.00%, 0, 0, 2, 160.15, 57697, 180
352, 5, 9, 11, 1, 0, 0.00%, 0, 0, 2, 159.72, 58498, 180
357, 5, 2, 11, 1, 0, 0.00%, 0, 0, 2, 158.20, 59311, 180
362, 5, 2, 11, 1, 0, 0.00%, 0, 0, 2, 166.18, 60181, 180
362, 5, 2, 11, 1, 0, 0.00%, 0, 0, 2, 0.00, 60208, 180
367, 5, 9, 11, 1, 0, 0.00%, 0, 0, 2, 160.88, 61045, 180
372, 5, 9, 11, 1, 0, 0.00%, 0, 0, 2, 158.25, 61846, 180
377, 5, 2, 11, 1, 0, 0.00%, 0, 0, 2, 162.62, 62698, 180
382, 5, 10, 11, 1, 0, 0.00%, 0, 0, 2, 157.10, 63478, 180
387, 5, 10, 11, 1, 0, 0.00%, 0, 0, 2, 162.16, 64289, 180
392, 5, 10, 11, 1, 0, 0.00%, 0, 0, 2, 162.36, 65095, 180
397, 6, 0, 11, 1, 0, 0.00%, 0, 0, 2, 160.29, 65959, 180
402, 6, 0, 11, 1, 0, 0.00%, 0, 0, 2, 161.93, 66769, 180
407, 6, 2, 11, 1, 0, 0.00%, 0, 0, 2, 155.27, 67551, 180
412, 6, 2, 11, 1, 0, 0.00%, 0, 0, 2, 163.60, 68373, 180
417, 6, 10, 11, 1, 0, 0.00%, 0, 0, 2, 165.60, 69205, 180
422, 6, 2, 11, 1, 0, 0.00%, 0, 0, 2, 161.88, 70030, 180
428, 6, 2, 11, 1, 0, 0.00%, 0, 0, 2, 164.18, 70942, 180
433, 6, 2, 11, 1, 0, 0.00%, 0, 0, 2, 164.86, 71761, 180
438, 6, 9, 11, 1, 0, 0.00%, 0, 0, 2, 156.02, 72574, 180
443, 6, 2, 11, 1, 0, 0.00%, 0, 0, 2, 166.77, 73441, 180
448, 7, 2, 11, 1, 0, 0.00%, 0, 0, 2, 164.37, 74299, 180
453, 7, 2, 11, 1, 0, 0.00%, 0, 0, 2, 163.87, 75148, 180
458, 7, 10, 11, 1, 0, 0.00%, 0, 0, 2, 160.21, 76026, 180
464, 7, 2, 11, 1, 0, 0.00%, 0, 0, 2, 164.37, 76873, 180
469, 7, 2, 11, 1, 0, 0.00%, 0, 0, 2, 161.89, 77689, 180
474, 7, 2, 11, 1, 0, 0.00%, 0, 0, 2, 160.64, 78484, 180
479, 7, 2, 11, 1, 0, 0.00%, 0, 0, 2, 170.71, 79354, 180
484, 7, 5, 11, 1, 0, 0.00%, 0, 0, 2, 162.79, 80165, 180
489, 7, 10, 11, 1, 0, 0.00%, 0, 0, 2, 163.91, 80992, 180
489, 7, 10, 11, 1, 0, 0.00%, 0, 0, 2, 0.00, 81067, 180
494, 7, 2, 11, 1, 0, 0.00%, 0, 0, 2, 161.88, 81901, 180
499, 7, 0, 11, 1, 0, 0.00%, 0, 0, 2, 157.81, 82726, 180
504, 7, 0, 11, 1, 0, 0.00%, 0, 0, 2, 159.14, 83560, 180
509, 7, 2, 11, 1, 0, 0.00%, 0, 0, 2, 164.10, 84400, 180
514, 8, 4, 11, 1, 0, 0.00%, 0, 0, 2, 159.88, 85207, 180
519, 8, 0, 11, 1, 0, 0.00%, 0, 0, 2, 157.37, 85994, 180
525, 8, 2, 11, 1, 0, 0.00%, 0, 0, 2, 156.83, 86918, 180
530, 8, 2, 11, 1, 0, 0.00%, 0, 0, 2, 165.21, 87767, 180
535, 8, 0, 11, 1, 0, 0.00%, 0, 0, 2, 161.49, 88607, 180
540, 8, 9, 11, 1, 0, 0.00%, 0, 0, 2, 164.62, 89439, 180
545, 8, 2, 11, 1, 0, 0.00%, 0, 0, 2, 160.87, 90254, 180
550, 8, 9, 11, 1, 0, 0.00%, 0, 0, 2, 163.61, 91070, 180
555, 8, 2, 11, 1, 0, 0.00%, 0, 0, 2, 154.58, 91964, 180
560, 8, 2, 11, 1, 0, 0.00%, 0, 0, 2, 161.43, 92795, 180
565, 8, 2, 11, 1, 0, 0.00%, 0, 0, 2, 163.09, 93620, 180
570, 9, 2, 11, 1, 0, 0.00%, 0, 0, 2, 163.33, 94487, 180
576, 9, 2, 11, 1, 0, 0.00%, 0, 0, 2, 159.26, 95287, 180
581, 9, 2, 11, 1, 0, 0.00%, 0, 0, 2, 162.87, 96134, 180
586, 9, 2, 11, 1, 0, 0.00%, 0, 0, 2, 165.67, 97052, 180
591, 9, 2, 11, 1, 0, 0.00%, 0, 0, 2, 163.28, 97865, 180
596, 9, 2, 11, 1, 0, 0.00%, 0, 0, 2, 168.43, 98711, 180
601, 9, 2, 11, 1, 0, 0.00%, 0, 0, 2, 161.25, 99556, 180
606, 9, 2, 11, 1, 0, 0.00%, 0, 0, 2, 163.97, 100403, 180
611, 9, 2, 11, 1, 0, 0.00%, 0, 0, 2, 165.14, 101240, 180
616, 9, 2, 11, 1, 0, 0.00%, 0, 0, 2, 172.85, 102239, 180
622, 9, 2, 11, 1, 0, 0.00%, 0, 0, 2, 165.63, 103090, 180
627, 9, 2, 11, 1, 0, 0.00%, 0, 0, 2, 162.41, 103900, 180
632, 9, 9, 11, 1, 0, 0.00%, 0, 0, 2, 153.82, 104694, 180
637, 10, 2, 11, 1, 0, 0.00%, 0, 0, 2, 156.72, 105496, 180
642, 10, 2, 11, 1, 0, 0.00%, 0, 0, 2, 153.12, 106261, 180
647, 10, 2, 11, 1, 0, 0.00%, 0, 0, 2, 157.91, 107059, 180
652, 10, 9, 11, 1, 0, 0.00%, 0, 0, 2, 162.13, 107949, 180
657, 10, 2, 11, 1, 0, 0.00%, 0, 0, 2, 160.68, 108754, 180
662, 10, 8, 11, 1, 0, 0.00%, 0, 0, 2, 163.83, 109618, 180
667, 10, 2, 11, 1, 0, 0.00%, 0, 0, 2, 162.17, 110452, 180
672, 10, 2, 11, 1, 0, 0.00%, 0, 0, 2, 156.86, 111238, 180
678, 10, 2, 11, 1, 0, 0.00%, 0, 0, 2, 160.50, 112054, 180
683, 10, 2, 11, 1, 0, 0.00%, 0, 0, 2, 156.24, 112945, 180
688, 10, 2, 11, 1, 0, 0.00%, 0, 0, 2, 158.42, 113773, 180
693, 10, 0, 11, 1, 0, 0.00%, 0, 0, 2, 165.00, 114631, 180
698, 10, 0, 11, 1, 0, 0.00%, 0, 0, 2, 160.11, 115426, 180
703, 11, 2, 11, 1, 0, 0.00%, 0, 0, 2, 156.37, 116227, 180
708, 11, 2, 11, 1, 0, 0.00%, 0, 0, 2, 160.35, 117064, 180
713, 11, 2, 11, 1, 0, 0.00%, 0, 0, 2, 158.13, 117970, 180
718, 11, 2, 11, 1, 0, 0.00%, 0, 0, 2, 161.57, 118786, 180
723, 11, 2, 11, 1, 0, 0.00%, 0, 0, 2, 155.37, 119566, 180
728, 11, 2, 11, 1, 0, 0.00%, 0, 0, 2, 154.24, 120352, 180
733, 11, 2, 11, 1, 0, 0.00%, 0, 0, 2, 158.19, 121129, 180
739, 11, 2, 11, 1, 0, 0.00%, 0, 0, 2, 153.55, 121885, 180
744, 11, 2, 11, 1, 0, 0.00%, 0, 0, 2, 166.18, 122800, 180
749, 11, 2, 11, 1, 0, 0.00%, 0, 0, 2, 160.34, 123613, 180
754, 11, 2, 11, 1, 0, 0.00%, 0, 0, 2, 157.34, 124393, 180
759, 11, 2, 11, 1, 0, 0.00%, 0, 0, 2, 163.17, 125216, 180
764, 11, 2, 11, 1, 0, 0.00%, 0, 0, 2, 157.44, 126041, 180
769, 11, 2, 11, 1, 0, 0.00%, 0, 0, 2, 153.89, 126797, 180
774, 11, 2, 11, 1, 0, 0.00%, 0, 0, 2, 157.21, 127625, 180
779, 11, 2, 11, 1, 0, 0.00%, 0, 0, 2, 159.01, 128558, 180
784, 11, 2, 11, 1, 0, 0.00%, 0, 0, 2, 162.03, 129392, 180
790, 12, 7, 11, 1, 0, 0.00%, 0, 0, 2, 165.92, 130240, 180
795, 12, 2, 11, 1, 0, 0.00%, 0, 0, 2, 164.89, 131076, 180
800, 12, 2, 11, 1, 0, 0.00%, 0, 0, 2, 155.67, 131846, 180
805, 12, 2, 11, 1, 0, 0.00%, 0, 0, 2, 158.78, 132638, 180
810, 12, 2, 11, 1, 0, 0.00%, 0, 0, 2, 160.94, 133550, 180
815, 12, 4, 11, 1, 0, 0.00%, 0, 0, 2, 161.92, 134360, 180
820, 12, 2, 11, 1, 0, 0.00%, 0, 0, 2, 165.68, 135230, 180
825, 12, 2, 11, 1, 0, 0.00%, 0, 0, 2, 164.59, 136048, 180
830, 12, 2, 11, 1, 0, 0.00%, 0, 0, 2, 160.12, 136837, 180
835, 12, 2, 11, 1, 0, 0.00%, 0, 0, 2, 163.02, 137641, 180
840, 12, 2, 11, 1, 0, 0.00%, 0, 0, 2, 164.67, 138565, 180
845, 12, 2, 11, 1, 0, 0.00%, 0, 0, 2, 166.60, 139426, 180
851, 13, 2, 11, 1, 0, 0.00%, 0, 0, 2, 158.98, 140260, 180
856, 13, 2, 11, 1, 0, 0.00%, 0, 0, 2, 158.49, 141073, 180
861, 13, 2, 11, 1, 0, 0.00%, 0, 0, 2, 156.62, 141871, 180
866, 13, 2, 11, 1, 0, 0.00%, 0, 0, 2, 156.81, 142650, 180
871, 13, 2, 11, 1, 0, 0.00%, 0, 0, 2, 174.16, 143560, 180
876, 13, 2, 11, 1, 0, 0.00%, 0, 0, 2, 168.05, 144421, 180
881, 13, 8, 11, 1, 0, 0.00%, 0, 0, 2, 165.61, 145270, 180
887, 13, 10, 11, 1, 0, 0.00%, 0, 0, 2, 151.00, 146045, 180
892, 13, 2, 11, 1, 0, 0.00%, 0, 0, 2, 160.66, 146837, 180
897, 13, 2, 11, 1, 0, 0.00%, 0, 0, 2, 162.80, 147644, 180
902, 13, 2, 11, 1, 0, 0.00%, 0, 0, 2, 160.71, 148559, 180
907, 13, 2, 11, 1, 0, 0.00%, 0, 0, 2, 161.45, 149363, 180
912, 14, 2, 11, 1, 0, 0.00%, 0, 0, 2, 167.96, 150245, 180
917, 14, 2, 11, 1, 0, 0.00%, 0, 0, 2, 155.98, 151052, 180
922, 14, 2, 11, 1, 0, 0.00%, 0, 0, 2, 162.93, 151865, 180
927, 14, 2, 11, 1, 0, 0.00%, 0, 0, 2, 164.18, 152723, 180
932, 14, 2, 11, 1, 0, 0.00%, 0, 0, 2, 176.82, 153608, 180
937, 14, 2, 11, 1, 0, 0.00%, 0, 0, 2, 171.19, 154565, 180
942, 14, 2, 11, 1, 0, 0.00%, 0, 0, 2, 164.57, 155414, 180
947, 14, 2, 11, 1, 0, 0.00%, 0, 0, 2, 160.24, 156209, 180
952, 14, 2, 11, 1, 0, 0.00%, 0, 0, 2, 165.18, 157040, 180
958, 14, 2, 11, 1, 0, 0.00%, 0, 0, 2, 165.24, 157895, 180
963, 14, 2, 11, 1, 0, 0.00%, 0, 0, 2, 160.76, 158696, 180
968, 14, 2, 11, 1, 0, 0.00%, 0, 0, 2, 160.47, 159611, 180
973, 14, 5, 11, 1, 0, 0.00%, 0, 0, 2, 161.54, 160429, 180
978, 14, 2, 11, 1, 0, 0.00%, 0, 0, 2, 161.15, 161244, 180
983, 14, 0, 11, 1, 0, 0.00%, 0, 0, 2, 164.08, 162096, 180
988, 15, 2, 11, 1, 0, 0.00%, 0, 0, 2, 162.63, 162915, 180
993, 15, 2, 11, 1, 0, 0.00%, 0, 0, 2, 157.05, 163728, 180
998, 15, 2, 11, 1, 0, 0.00%, 0, 0, 2, 160.84, 164655, 180
1004, 15, 2, 11, 1, 0, 0.00%, 0, 0, 2, 161.90, 165492, 180
1009, 15, 2, 11, 1, 0, 0.00%, 0, 0, 2, 160.91, 166332, 180
1014, 15, 9, 11, 1, 0, 0.00%, 0, 0, 2, 165.27, 167170, 180
1019, 15, 2, 11, 1, 0, 0.00%, 0, 0, 2, 170.74, 168051, 180
1024, 15, 10, 11, 1, 0, 0.00%, 0, 0, 2, 168.77, 168900, 180
1029, 15, 2, 11, 1, 0, 0.00%, 0, 0, 2, 154.69, 169813, 180
1034, 15, 0, 11, 1, 0, 0.00%, 0, 0, 2, 159.06, 170653, 180
1039, 15, 0, 11, 1, 0, 0.00%, 0, 0, 2, 158.94, 171442, 180
1044, 15, 9, 11, 1, 0, 0.00%, 0, 0, 2, 164.26, 172285, 180
1049, 16, 2, 11, 1, 0, 0.00%, 0, 0, 2, 160.59, 173092, 180
1055, 16, 0, 11, 1, 0, 0.00%, 0, 0, 2, 165.93, 173959, 180
1060, 16, 0, 11, 1, 0, 0.00%, 0, 0, 2, 154.27, 174733, 180
1065, 16, 2, 11, 1, 0, 0.00%, 0, 0, 2, 163.96, 175657, 180
1070, 16, 2, 11, 1, 0, 0.00%, 0, 0, 2, 163.73, 176482, 180
1075, 16, 0, 11, 1, 0, 0.00%, 0, 0, 2, 162.06, 177316, 180
1080, 16, 0, 11, 1, 0, 0.00%, 0, 0, 2, 161.02, 178111, 180
1085, 16, 2, 11, 1, 0, 0.00%, 0, 0, 2, 162.05, 178930, 180
1090, 16, 2, 11, 1, 0, 0.00%, 0, 0, 2, 154.06, 179704, 180
1095, 16, 2, 11, 1, 0, 0.00%, 0, 0, 2, 157.44, 180604, 180
1100, 16, 2, 11, 1, 0, 0.00%, 0, 0, 2, 160.30, 181411, 180
1105, 16, 2, 11, 1, 0, 0.00%, 0, 0, 2, 161.99, 182221, 180
1110, 16, 2, 11, 1, 0, 0.00%, 0, 0, 2, 161.92, 183070, 180
1115, 16, 2, 11, 1, 0, 0.00%, 0, 0, 2, 164.50, 183889, 180
1120, 16, 2, 11, 1, 0, 0.00%, 0, 0, 2, 163.18, 184704, 180
1126, 16, 9, 11, 1, 0, 0.00%, 0, 0, 2, 154.68, 185568, 180
1131, 17, 2, 11, 1, 0, 0.00%, 0, 0, 2, 154.58, 186346, 180
1136, 17, 2, 11, 1, 0, 0.00%, 0, 0, 2, 163.00, 187213, 180
1141, 17, 2, 11, 1, 0, 0.00%, 0, 0, 2, 159.00, 188002, 180
1146, 17, 9, 11, 1, 0, 0.00%, 0, 0, 2, 161.12, 188803, 180
1151, 17, 2, 11, 1, 0, 0.00%, 0, 0, 2, 157.56, 189595, 180
1156, 17, 5, 11, 1, 0, 0.00%, 0, 0, 2, 153.11, 190480, 180
1161, 17, 2, 11, 1, 0, 0.00%, 0, 0, 2, 157.89, 191275, 180
1166, 17, 2, 11, 1, 0, 0.00%, 0, 0, 2, 159.23, 192082, 180
1171, 17, 2, 11, 1, 0, 0.00%, 0, 0, 2, 153.94, 192844, 180
1177, 17, 2, 11, 1, 0, 0.00%, 0, 0, 2, 157.45, 193670, 180
1182, 17, 2, 11, 1, 0, 0.00%, 0, 0, 2, 157.75, 194486, 180
1187, 17, 2, 11, 1, 0, 0.00%, 0, 0, 2, 155.07, 195251, 180
1187, 17, 2, 11, 1, 0, 0.00%, 0, 0, 2, 0.00, 195290, 180
1192, 17, 0, 11, 1, 0, 0.00%, 0, 0, 2, 155.38, 196079, 180
1197, 17, 0, 11, 1, 0, 0.00%, 0, 0, 2, 159.25, 196873, 180
1202, 18, 2, 11, 1, 0, 0.00%, 0, 0, 2, 161.20, 197681, 180
1207, 18, 2, 11, 1, 0, 0.00%, 0, 0, 2, 156.64, 198467, 180
1212, 18, 2, 11, 1, 0, 0.00%, 0, 0, 2, 154.10, 199235, 180
1217, 18, 2, 11, 1, 0, 0.00%, 0, 0, 2, 150.47, 200013, 180
1222, 18, 2, 11, 1, 0, 0.00%, 0, 0, 2, 159.56, 200906, 180
1227, 18, 2, 11, 1, 0, 0.00%, 0, 0, 2, 157.53, 201728, 180
1232, 18, 2, 11, 1, 0, 0.00%, 0, 0, 2, 164.65, 202553, 180
1237, 18, 5, 11, 1, 0, 0.00%, 0, 0, 2, 163.26, 203354, 180
1242, 18, 2, 11, 1, 0, 0.00%, 0, 0, 2, 167.92, 204193, 180
1247, 18, 2, 11, 1, 0, 0.00%, 0, 0, 2, 158.94, 204994, 180
1252, 18, 0, 11, 1, 0, 0.00%, 0, 0, 2, 150.22, 205899, 180
1258, 18, 0, 11, 1, 0, 0.00%, 0, 0, 2, 153.29, 206683, 180
1263, 18, 0, 11, 1, 0, 0.00%, 0, 0, 2, 159.19, 207490, 180
1268, 18, 0, 11, 1, 0, 0.00%, 0, 0, 2, 163.48, 208330, 180
1273, 19, 2, 11, 1, 0, 0.00%, 0, 0, 2, 160.18, 209149, 180
1278, 19, 2, 11, 1, 0, 0.00%, 0, 0, 2, 158.22, 209950, 180
1283, 19, 2, 11, 1, 0, 0.00%, 0, 0, 2, 165.80, 210867, 180
1288, 19, 2, 11, 1, 0, 0.00%, 0, 0, 2, 158.62, 211657, 180
1293, 19, 0, 11, 1, 0, 0.00%, 0, 0, 2, 162.31, 212464, 180
1298, 19, 0, 11, 1, 0, 0.00%, 0, 0, 2, 163.05, 213304, 180
1303, 19, 2, 11, 1, 0, 0.00%, 0, 0, 2, 170.49, 214168, 180
1309, 19, 0, 11, 1, 0, 0.00%, 0, 0, 2, 149.36, 214930, 180
1314, 19, 0, 11, 1, 0, 0.00%, 0, 0, 2, 154.87, 215719, 180
1313, 19, 0, 11, 1, 0, 0.00%, 0, 0, 2, 0.00, 215782, 180
1319, 19, 2, 11, 1, 0, 0.00%, 0, 0, 2, 147.86, 216562, 180
1324, 19, 0, 11, 1, 0, 0.00%, 0, 0, 2, 154.89, 217354, 180
1329, 19, 0, 11, 1, 0, 0.00%, 0, 0, 2, 162.53, 218200, 180
1334, 19, 0, 11, 1, 0, 0.00%, 0, 0, 2, 163.71, 219025, 180
1339, 19, 0, 11, 1, 0, 0.00%, 0, 0, 2, 160.94, 219826, 180
1344, 19, 9, 11, 1, 0, 0.00%, 0, 0, 2, 161.60, 220651, 180
1349, 20, 2, 11, 1, 0, 0.00%, 0, 0, 2, 157.83, 221536, 180
1354, 20, 10, 11, 1, 0, 0.00%, 0, 0, 2, 160.84, 222377, 180
1359, 20, 2, 11, 1, 0, 0.00%, 0, 0, 2, 165.22, 223211, 180
1364, 20, 2, 11, 1, 0, 0.00%, 0, 0, 2, 160.55, 224044, 180
1369, 20, 2, 11, 1, 0, 0.00%, 0, 0, 2, 158.25, 224836, 180
1375, 20, 2, 11, 1, 0, 0.00%, 0, 0, 2, 161.79, 225691, 180
1380, 20, 2, 11, 1, 0, 0.00%, 0, 0, 2, 151.44, 226570, 180
1385, 20, 2, 11, 1, 0, 0.00%, 0, 0, 2, 156.30, 227398, 180
1390, 20, 2, 11, 1, 0, 0.00%, 0, 0, 2, 159.39, 228201, 180
1395, 20, 2, 11, 1, 0, 0.00%, 0, 0, 2, 160.47, 229008, 180
1400, 20, 2, 11, 1, 0, 0.00%, 0, 0, 2, 158.46, 229809, 180
1405, 20, 2, 11, 1, 0, 0.00%, 0, 0, 2, 155.16, 230591, 180
1410, 20, 2, 11, 1, 0, 0.00%, 0, 0, 2, 134.82, 231449, 180
1415, 20, 2, 11, 1, 0, 0.00%, 0, 0, 2, 155.44, 232281, 180
1420, 20, 2, 11, 1, 0, 0.00%, 0, 0, 2, 167.22, 233130, 180
1425, 21, 0, 11, 1, 0, 0.00%, 0, 0, 2, 163.02, 233943, 180
1431, 21, 0, 11, 1, 0, 0.00%, 0, 0, 2, 156.06, 234738, 180
1436, 21, 2, 11, 1, 0, 0.00%, 0, 0, 2, 159.83, 235539, 180
1441, 21, 2, 11, 1, 0, 0.00%, 0, 0, 2, 158.24, 236337, 180
1440, 21, 2, 11, 1, 0, 0.00%, 0, 0, 2, 0.00, 236370, 180
1445, 21, 4, 11, 1, 0, 0.00%, 0, 0, 2, 158.33, 237210, 180
1451, 21, 0, 11, 1, 0, 0.00%, 0, 0, 2, 157.75, 238031, 180
1456, 21, 0, 11, 1, 0, 0.00%, 0, 0, 2, 163.00, 238892, 180
1461, 21, 2, 11, 1, 0, 0.00%, 0, 0, 2, 158.44, 239684, 180
1466, 21, 2, 11, 1, 0, 0.00%, 0, 0, 2, 156.91, 240476, 180
1471, 21, 2, 11, 1, 0, 0.00%, 0, 0, 2, 158.84, 241265, 180
1476, 21, 2, 11, 1, 0, 0.00%, 0, 0, 2, 166.53, 242180, 180
1481, 21, 2, 11, 1, 0, 0.00%, 0, 0, 2, 163.94, 243011, 180
1486, 21, 2, 11, 1, 0, 0.00%, 0, 0, 2, 152.48, 243812, 180
1492, 21, 9, 11, 1, 0, 0.00%, 0, 0, 2, 158.11, 244614, 180
1497, 22, 2, 11, 1, 0, 0.00%, 0, 0, 2, 166.54, 245472, 180
1502, 22, 2, 11, 1, 0, 0.00%, 0, 0, 2, 157.99, 246261, 180
1507, 22, 10, 11, 1, 0, 0.00%, 0, 0, 2, 155.42, 247131, 180
1512, 22, 2, 11, 1, 0, 0.00%, 0, 0, 2, 158.44, 247936, 180
1517, 22, 2, 11, 1, 0, 0.00%, 0, 0, 2, 162.14, 248749, 180
1522, 22, 2, 11, 1, 0, 0.00%, 0, 0, 2, 156.13, 249526, 180
1527, 22, 2, 11, 1, 0, 0.00%, 0, 0, 2, 160.43, 250330, 180
1532, 22, 2, 11, 1, 0, 0.00%, 0, 0, 2, 158.13, 251125, 180
1537, 22, 2, 11, 1, 0, 0.00%, 0, 0, 2, 147.52, 252027, 180
1542, 22, 2, 11, 1, 0, 0.00%, 0, 0, 2, 161.45, 252880, 180
1547, 22, 2, 11, 1, 0, 0.00%, 0, 0, 2, 159.60, 253678, 180
1552, 22, 2, 11, 1, 0, 0.00%, 0, 0, 2, 158.51, 254473, 180
1558, 22, 2, 11, 1, 0, 0.00%, 0, 0, 2, 161.93, 255304, 180
1563, 22, 2, 11, 1, 0, 0.00%, 0, 0, 2, 161.42, 256117, 180
1568, 23, 2, 11, 1, 0, 0.00%, 0, 0, 2, 144.86, 257012, 180
1573, 23, 2, 11, 1, 0, 0.00%, 0, 0, 2, 160.16, 257857, 180
1578, 23, 2, 11, 1, 0, 0.00%, 0, 0, 2, 164.49, 258712, 180
1583, 23, 9, 11, 1, 0, 0.00%, 0, 0, 2, 158.64, 259509, 180
1588, 23, 2, 11, 1, 0, 0.00%, 0, 0, 2, 163.07, 260323, 180
1593, 23, 2, 11, 1, 0, 0.00%, 0, 0, 2, 159.58, 261121, 180
1598, 23, 2, 11, 1, 0, 0.00%, 0, 0, 2, 158.51, 261949, 180
1603, 23, 2, 11, 1, 0, 0.00%, 0, 0, 2, 148.97, 262786, 180
1608, 23, 0, 11, 1, 0, 0.00%, 0, 0, 2, 149.74, 263557, 180
1614, 23, 2, 11, 1, 0, 0.00%, 0, 0, 2, 161.32, 264397, 180
1619, 23, 2, 11, 1, 0, 0.00%, 0, 0, 2, 163.36, 265219, 180
1624, 23, 2, 11, 1, 0, 0.00%, 0, 0, 2, 161.11, 266026, 180
1629, 23, 2, 11, 1, 0, 0.00%, 0, 0, 2, 159.10, 266815, 180
1634, 23, 2, 11, 1, 0, 0.00%, 0, 0, 2, 161.58, 267724, 180
1639, 23, 2, 11, 1, 0, 0.00%, 0, 0, 2, 150.11, 268488, 180
1644, 23, 2, 11, 1, 0, 0.00%, 0, 0, 2, 159.84, 269335, 180
1649, 24, 2, 11, 1, 0, 0.00%, 0, 0, 2, 167.46, 270172, 180
1654, 24, 2, 11, 1, 0, 0.00%, 0, 0, 2, 159.91, 270991, 180
1659, 24, 2, 11, 1, 0, 0.00%, 0, 0, 2, 159.68, 271792, 180
1664, 24, 0, 11, 1, 0, 0.00%, 0, 0, 2, 163.28, 272680, 180
1670, 24, 7, 11, 1, 0, 0.00%, 0, 0, 2, 160.23, 273511, 180
1675, 24, 2, 11, 1, 0, 0.00%, 0, 0, 2, 158.82, 274305, 180
1680, 24, 2, 11, 1, 0, 0.00%, 0, 0, 2, 161.00, 275115, 180
1685, 24, 4, 11, 1, 0, 0.00%, 0, 0, 2, 158.62, 275942, 180
1690, 24, 2, 11, 1, 0, 0.00%, 0, 0, 2, 148.12, 276665, 180
1695, 24, 5, 11, 1, 0, 0.00%, 0, 0, 2, 143.12, 277512, 180
1698, 24, 2, 11, 1, 0, 0.00%, 0, 0, 2, 149.69, 277922, 180
